-1 -24 -18
-1 -34 -23
-1 -23 -19
-1 -25 -2
-1 -19 -5
-1 -30 -3
-1 -16 -17
-1 -6 -20
-1 -16 -16
-1 -38 -21
-1 -23 -19
-1 -9 -1
-1 -8 -8
-1 -18 -15
-1 -21 0
-1 -5 6
-1 -15 4
-1 -22 -9
-1 -27 -14
-1 -24 -27
-1 -19 -28
-1 -9 -3
-1 -21 -8
-1 -29 -11
-1 -25 -6
-1 -27 -26
-1 -31 -9
-1 -6 -4
-1 -20 -7
-1 -23 -10
-1 -14 -16
-1 -24 -18
-1 -18 16
-1 -23 -23
-1 -5 -8
-1 -13 -6
-1 -16 0
-1 -19 -5
-1 -21 -2
-1 -14 -6
-1 -27 -7
-1 -20 -6
-1 -2 -12
-1 -13 -9
-1 -23 -11
-1 -30 -12
-1 -17 -21
-1 -10 8
-1 -17 -7
-1 -16 -7
-1 -32 0
-1 -30 -13
-1 -16 -17
-1 -16 -17
-1 -30 4
-1 -9 -5
-1 -22 5
-1 -16 -25
-1 -19 -28
-1 -30 -30
-1 -18 9
-1 -14 -23
-1 -15 -3
-1 -12 -6
-1 -33 -11
-1 -17 -10
-1 -8 -2
-1 -21 -16
-1 -27 -17
-1 -16 -10
-1 -16 20
-1 -8 -15
-1 -16 -7
-1 -17 -4
-1 -24 0
-1 -21 -21
-1 -5 -1
-1 -26 -15
-1 -35 -18
-1 0 -5
-1 -32 -25
-1 -18 4
-1 -30 0
-1 -22 -7
-1 -18 -6
-1 -18 -8
-1 -28 -7
-1 -22 -10
-1 -39 -8
-1 -23 -13
-1 -24 0
-1 -28 1
-1 -28 -6
-1 -10 6
-1 -19 -11
-1 -38 -16
-1 -23 6
-1 -24 -7
-1 -9 -1
-1 -18 -3
1 26 9
1 18 0
1 10 17
1 11 9
1 12 7
1 7 6
1 26 10
1 23 1
1 15 6
1 8 11
1 17 25
1 4 -1
1 20 3
1 5 17
1 16 32
1 7 -2
1 16 4
1 21 9
1 5 3
1 23 -2
1 27 0
1 12 13
1 8 -2
1 6 7
1 22 10
1 15 10
1 15 -5
1 18 5
1 12 11
1 11 22
1 24 3
1 28 17
1 15 26
1 19 9
1 15 5
1 6 15
1 3 11
1 25 12
1 21 15
1 17 21
1 16 11
1 25 17
1 20 -11
1 33 2
1 39 -3
1 12 20
1 9 17
1 18 5
1 10 0
1 27 14
1 19 12
1 23 20
1 20 26
1 17 12
1 19 9
1 23 1
1 15 15
1 13 20
1 30 22
1 15 10
1 28 17
1 33 18
1 7 2
1 20 16
1 19 13
1 19 6
1 36 10
1 21 23
1 11 0
1 11 -3
1 13 4
1 13 0
1 26 12
1 23 -2
1 19 27
1 15 17
1 23 3
1 11 0
1 32 18
1 23 7
1 22 17
1 20 8
1 16 17
1 20 29
1 17 -2
1 18 6
1 12 12
1 15 -2
1 12 3
1 22 19
1 11 7
1 1 0
1 9 4
1 5 9
1 34 25
1 3 25
1 2 26
1 9 -1
1 18 23
1 6 6
