-1 0 16 96 240 192 16 0 0 0 112 255 96 96 160 0 0 0 128 255 32 0 176 32 0 0 80 255 48 0 80 112 0 0 112 208 48 0 128 112 0 0 64 192 0 16 208 80 0 0 0 224 144 240 144 0 0 0 0 96 224 112 16 0 0
-1 0 0 160 255 96 0 0 0 0 112 255 128 255 80 0 0 0 176 255 0 96 224 48 0 0 192 192 0 0 176 176 0 0 192 192 0 0 128 192 0 0 112 240 16 0 208 176 0 0 0 255 128 160 240 48 0 0 0 160 255 240 48 0 0
-1 0 0 240 32 224 208 32 0 0 0 255 240 192 208 128 0 0 32 255 192 16 96 160 0 0 112 240 48 0 80 128 0 0 80 192 0 0 128 128 0 0 80 192 0 112 240 80 0 0 80 255 208 255 96 0 0 0 0 160 192 80 0 0 0
-1 0 16 160 240 128 0 0 0 0 96 255 112 176 128 0 0 0 112 255 48 16 208 16 0 0 112 208 0 0 160 96 0 0 128 192 0 0 224 64 0 0 48 255 0 96 240 32 0 0 0 240 144 255 64 0 0 0 0 144 240 128 0 0 0
-1 0 0 32 208 144 0 0 0 0 0 224 176 192 112 0 0 0 96 255 16 0 255 0 0 0 80 192 0 0 176 80 0 0 128 208 0 0 128 112 0 0 16 255 0 0 144 128 0 0 0 208 48 96 255 16 0 0 0 48 255 224 64 0 0
-1 0 0 128 255 128 0 0 0 0 16 255 144 160 144 0 0 0 64 240 0 0 160 16 0 0 96 192 0 0 96 96 0 0 80 192 0 0 64 128 0 0 64 224 0 0 112 128 0 0 16 255 144 128 224 64 0 0 0 96 240 224 80 0 0
-1 0 0 112 224 96 0 0 0 0 80 255 144 208 48 0 0 0 128 192 0 80 192 0 0 0 64 192 0 0 176 96 0 0 96 192 0 0 144 112 0 0 16 240 0 16 240 80 0 0 0 208 112 208 176 0 0 0 0 64 240 176 0 0 0
-1 0 0 160 128 176 32 0 0 0 0 255 240 128 208 32 0 0 64 255 64 0 144 112 0 0 112 224 0 0 48 128 0 0 128 192 0 0 112 128 0 0 96 96 0 48 240 64 0 0 64 224 160 255 112 0 0 0 0 160 224 80 0 0 0
-1 0 0 32 192 176 32 0 0 0 16 240 192 144 208 0 0 0 96 208 16 0 224 32 0 0 96 192 0 0 128 128 0 0 128 192 0 0 112 128 0 0 80 240 0 0 112 144 0 0 0 208 144 128 240 64 0 0 0 48 208 255 128 0 0
-1 0 0 0 128 192 32 0 0 0 0 144 240 128 192 0 0 0 80 255 48 0 192 32 0 0 80 208 0 0 80 112 0 0 128 160 0 0 64 128 0 0 0 255 0 0 48 192 0 0 0 176 144 64 224 96 0 0 0 0 160 208 144 16 0
-1 0 0 32 208 144 0 0 0 0 32 255 240 224 96 0 0 0 128 255 80 48 240 0 0 0 112 255 16 0 176 112 0 0 96 192 0 0 128 128 0 0 0 255 32 0 112 160 0 0 0 192 192 112 240 80 0 0 0 0 208 255 144 0 0
-1 0 0 80 255 160 16 0 0 0 176 224 208 224 192 0 0 0 192 255 64 48 240 80 0 0 176 192 16 0 112 144 0 0 144 160 0 0 48 224 0 0 96 224 0 0 144 255 0 0 0 224 144 144 255 176 0 0 0 80 240 255 240 16 0
-1 0 0 64 176 240 64 0 0 0 48 240 240 160 255 0 0 0 128 240 32 0 224 64 0 0 112 208 0 0 160 128 0 0 112 192 0 0 208 64 0 0 16 240 64 16 240 32 0 0 0 160 192 176 192 0 0 0 0 32 176 208 32 0 0
-1 0 0 0 176 208 16 0 0 0 32 112 255 176 176 0 0 0 128 255 128 0 144 16 0 0 112 192 112 0 64 80 0 0 48 144 0 0 64 144 0 0 16 192 16 0 160 112 0 0 0 112 176 160 240 0 0 0 0 16 176 208 80 0 0
-1 0 0 144 240 48 0 0 0 0 16 240 255 240 80 0 0 0 48 255 128 144 224 0 0 0 64 208 0 0 160 64 0 0 48 208 0 0 112 96 0 0 32 192 0 0 160 160 0 0 16 192 144 208 255 96 0 0 0 112 255 255 128 0 0
-1 0 0 112 176 176 32 0 0 0 0 255 255 240 208 0 0 0 48 240 112 0 160 48 0 0 48 192 0 0 80 112 0 0 112 144 0 0 160 96 0 0 64 208 0 48 240 96 0 0 32 240 192 240 224 0 0 0 0 112 255 192 32 0 0
-1 0 0 80 208 16 0 0 0 0 0 208 255 112 16 0 0 0 16 255 255 255 208 16 0 0 32 255 160 0 192 80 0 0 32 255 0 0 48 160 0 0 32 240 0 0 96 224 0 0 0 224 80 128 255 144 0 0 0 64 208 240 112 0 0
-1 0 0 48 240 112 0 0 0 0 0 208 255 160 0 0 0 0 80 255 112 80 48 0 0 0 80 255 128 255 240 32 0 0 32 192 16 96 128 160 0 0 16 224 32 0 0 208 0 0 0 144 240 192 240 255 0 0 0 32 160 240 255 112 0
-1 0 0 80 128 0 0 0 0 0 0 192 255 208 112 0 0 0 0 240 240 208 255 48 0 0 48 240 0 0 160 96 0 0 48 208 0 0 112 144 0 0 64 255 0 16 192 192 0 0 16 240 192 224 255 144 0 0 0 96 224 224 144 16 0
-1 0 0 96 176 0 0 0 0 0 16 240 192 32 64 0 0 0 80 192 48 255 255 64 0 0 80 144 0 128 112 128 0 0 128 128 0 0 64 128 0 0 112 144 0 0 64 144 0 0 0 240 128 144 240 112 0 0 0 96 255 255 144 0 0
-1 0 0 96 255 192 16 0 0 0 0 240 224 224 208 0 0 0 32 255 96 80 255 32 0 0 0 240 64 32 255 96 0 0 16 255 80 16 255 96 0 0 32 255 32 176 224 16 0 0 0 255 80 240 80 0 0 0 0 112 255 112 0 0 0
-1 0 0 16 208 240 112 0 0 0 0 144 224 144 240 16 0 0 32 255 80 0 160 64 0 0 80 208 80 0 64 128 0 0 128 128 0 0 112 128 0 0 48 224 16 0 144 112 0 0 0 208 208 144 255 64 0 0 0 48 208 255 160 0 0
-1 0 0 64 240 176 32 0 0 0 0 240 240 224 176 0 0 0 32 255 96 0 240 16 0 0 32 255 80 0 176 80 0 0 32 255 64 0 112 144 0 0 0 240 32 0 160 144 0 0 0 176 208 144 255 64 0 0 0 32 160 255 160 0 0
-1 0 0 48 192 192 16 0 0 0 0 240 240 208 176 0 0 0 48 255 64 0 224 32 0 0 80 240 80 0 80 112 0 0 128 128 0 0 64 128 0 0 64 224 0 0 112 176 0 0 0 224 176 192 255 48 0 0 0 48 224 192 64 0 0
-1 0 0 176 240 144 0 0 0 0 0 208 144 208 160 0 0 0 0 208 96 16 176 48 0 0 64 192 0 0 64 128 0 0 128 112 0 0 80 128 0 0 112 128 0 80 240 48 0 0 32 224 160 255 160 0 0 0 0 192 192 48 0 0 0
-1 0 0 144 255 160 0 0 0 0 0 64 160 240 32 0 0 0 0 208 0 64 208 0 0 0 64 255 0 0 208 32 0 0 112 192 0 0 160 96 0 0 128 208 16 32 208 128 0 0 80 255 255 255 255 32 0 0 0 144 255 240 128 0 0
-1 0 0 112 240 96 0 0 0 0 0 80 128 224 112 0 0 0 0 112 32 64 208 32 0 0 0 224 48 0 192 64 0 0 32 255 0 16 224 80 0 0 80 208 0 112 255 48 0 0 16 255 144 240 208 0 0 0 0 144 240 160 16 0 0
-1 0 0 64 192 255 64 0 0 0 0 240 240 96 240 0 0 0 48 255 176 0 128 64 0 0 64 176 48 0 64 128 0 0 80 128 0 0 144 112 0 0 16 192 0 0 208 80 0 0 0 208 160 224 176 0 0 0 0 64 192 208 16 0 0
-1 0 32 255 144 0 0 0 0 0 32 255 255 160 16 0 0 0 0 16 112 255 208 0 0 0 16 80 0 128 255 48 0 0 64 128 0 0 192 112 0 0 80 160 0 80 240 64 0 0 128 240 224 255 160 0 0 0 48 240 240 128 16 0 0
-1 0 0 32 112 208 48 0 0 0 0 160 255 192 208 0 0 0 0 240 144 16 192 64 0 0 16 240 0 0 128 112 0 0 80 128 0 0 192 80 0 0 16 176 0 16 240 64 0 0 0 224 208 240 160 0 0 0 0 48 208 224 48 0 0
-1 0 0 64 192 255 144 0 0 0 0 208 160 64 224 48 0 0 80 208 16 0 192 64 0 0 64 192 0 0 128 128 0 0 96 192 0 0 160 112 0 0 48 240 0 32 255 48 0 0 0 255 208 240 176 0 0 0 0 96 240 160 0 0 0
-1 0 0 64 240 255 96 0 0 0 0 224 240 128 224 32 0 0 112 192 32 0 128 64 0 0 112 128 0 0 80 128 0 0 128 128 0 0 144 128 0 0 48 176 0 0 160 112 0 0 0 240 112 128 224 32 0 0 0 80 192 224 96 0 0
-1 0 0 64 144 112 208 16 0 0 16 255 96 96 224 64 0 0 112 208 0 0 160 128 0 0 128 96 0 0 192 112 0 0 128 80 0 0 208 64 0 0 128 160 0 80 255 64 0 0 16 240 192 240 160 0 0 0 0 80 224 144 16 0 0
-1 0 0 32 208 128 0 0 0 0 0 192 240 255 176 0 0 0 32 255 48 48 208 64 0 0 80 208 0 0 144 112 0 0 112 128 0 0 208 48 0 0 48 224 0 16 240 32 0 0 0 224 160 192 192 0 0 0 0 32 208 192 48 0 0
-1 0 0 16 192 255 48 0 0 0 0 112 176 128 192 0 0 0 32 224 16 0 224 16 0 0 64 224 0 0 176 112 0 0 48 208 0 0 80 128 0 0 0 208 64 0 144 112 0 0 0 160 208 128 224 16 0 0 0 16 144 224 96 0 0
-1 0 0 64 240 255 240 32 0 0 0 255 192 160 240 144 0 0 32 255 80 0 144 176 0 0 0 240 96 0 128 160 0 0 16 255 112 0 208 96 0 0 32 255 160 64 255 0 0 0 0 160 255 255 128 0 0 0 0 32 224 192 32 0 0
-1 0 0 16 144 208 16 0 0 0 0 176 176 208 144 0 0 0 32 240 0 64 255 64 0 0 128 144 0 0 208 96 0 0 80 192 0 0 144 128 0 0 0 240 48 0 128 128 0 0 0 96 224 64 176 112 0 0 0 0 176 255 208 32 0
-1 0 0 32 240 176 16 0 0 0 0 144 192 224 208 32 0 0 32 240 32 16 208 96 0 0 112 255 0 0 144 128 0 0 64 255 0 0 160 112 0 0 48 255 48 32 224 32 0 0 0 224 224 224 144 0 0 0 0 48 176 208 16 0 0
-1 0 0 32 192 240 80 0 0 0 0 176 144 144 240 48 0 0 0 240 16 0 240 64 0 0 64 160 0 0 208 48 0 0 48 224 0 0 192 128 0 0 0 240 48 0 208 80 0 0 0 160 208 80 255 32 0 0 0 16 208 255 128 0 0
-1 0 0 0 144 255 176 0 0 0 0 96 240 192 255 96 0 0 0 255 176 0 144 192 0 0 80 255 48 0 128 128 0 0 64 255 0 0 128 128 0 0 32 255 112 0 192 80 0 0 0 176 255 224 255 16 0 0 0 16 144 208 96 0 0
-1 0 0 192 255 160 0 0 0 0 48 255 96 224 144 0 0 0 112 224 0 48 240 48 0 0 144 192 0 0 128 160 0 0 128 192 0 0 64 192 0 0 112 208 0 0 80 192 0 0 32 255 96 32 208 144 0 0 0 144 255 255 208 0 0
-1 0 0 240 255 208 32 0 0 0 48 240 32 160 240 32 0 0 128 192 0 0 160 128 0 0 128 192 0 0 64 192 0 0 144 192 0 0 64 192 0 0 128 192 0 0 144 128 0 0 96 240 64 176 224 32 0 0 0 192 255 240 48 0 0
-1 0 0 128 255 192 16 0 0 0 48 240 80 208 208 0 0 0 160 192 0 16 240 96 0 0 192 144 0 0 112 192 0 0 192 160 0 0 80 192 0 0 128 224 0 0 112 192 0 0 48 255 144 80 240 80 0 0 0 144 255 255 176 0 0
-1 0 0 96 255 255 160 0 0 0 16 240 176 96 240 48 0 0 112 255 32 0 176 144 0 0 192 224 0 0 144 176 0 0 128 255 0 0 128 192 0 0 64 255 80 0 144 176 0 0 16 224 208 96 255 48 0 0 0 80 240 255 96 0 0
-1 0 0 16 240 255 208 16 0 0 48 176 176 48 208 144 0 0 192 208 0 0 128 192 0 0 144 240 0 0 128 192 0 0 64 255 32 0 128 192 0 0 32 240 144 0 128 192 0 0 0 160 255 80 224 128 0 0 0 16 192 255 240 16 0
-1 0 0 128 255 224 64 0 0 0 16 240 112 144 240 32 0 0 128 176 0 0 192 144 0 0 144 80 0 0 96 192 0 0 144 128 0 0 64 192 0 0 128 192 0 0 144 192 0 0 48 255 96 112 240 80 0 0 0 128 255 255 192 0 0
-1 0 0 80 224 176 48 0 0 0 32 255 224 255 224 0 0 0 64 208 64 32 208 64 0 0 128 144 0 0 128 128 0 0 128 160 0 0 112 128 0 0 64 208 0 0 144 128 0 0 0 224 144 64 224 96 0 0 0 64 255 255 128 0 0
-1 0 0 64 208 255 112 0 0 0 16 240 208 255 240 16 0 0 80 208 0 112 224 64 0 0 96 144 0 0 128 112 0 0 80 176 0 0 128 128 0 0 64 208 0 0 128 128 0 0 0 224 192 96 255 64 0 0 0 48 255 240 80 0 0
-1 0 0 96 240 176 48 0 0 0 16 224 255 255 224 0 0 0 64 255 16 144 255 32 0 0 96 255 0 0 208 112 0 0 80 208 0 0 192 128 0 0 64 255 16 0 224 128 0 0 0 224 160 160 240 16 0 0 0 64 208 255 128 0 0
-1 0 0 112 224 144 48 0 0 0 0 240 112 240 240 16 0 0 64 192 0 48 208 96 0 0 64 192 0 0 128 128 0 0 80 128 0 0 80 128 0 0 64 192 0 0 128 112 0 0 32 240 96 96 240 32 0 0 0 96 240 255 128 0 0
1 0 0 0 48 255 176 16 0 0 0 0 128 255 255 16 0 0 0 0 144 255 224 0 0 0 16 112 255 255 176 0 0 0 144 255 255 255 128 0 0 0 16 128 96 255 112 0 0 0 0 0 80 255 144 0 0 0 0 0 32 224 224 16 0
1 0 0 144 208 16 0 0 0 0 0 128 255 96 0 0 0 0 0 112 255 160 0 0 0 0 0 208 255 160 0 0 0 0 0 144 255 224 0 0 0 0 0 0 112 255 80 0 0 0 0 48 144 255 208 128 80 0 0 64 240 255 255 255 255
1 0 0 0 0 160 208 0 0 0 0 0 0 240 255 0 0 0 0 0 112 255 224 0 0 0 48 192 255 255 208 0 0 0 48 176 144 255 144 0 0 0 0 0 0 255 144 0 0 0 0 0 0 240 192 0 0 0 0 0 0 128 240 32 0
1 0 0 0 0 208 255 48 0 0 0 0 16 240 255 0 0 0 32 80 208 255 224 0 0 0 160 255 240 255 192 0 0 0 16 64 80 255 192 0 0 0 0 0 16 255 224 0 0 0 0 0 0 255 240 0 0 0 0 0 0 176 255 128 0
1 0 0 128 224 32 0 0 0 0 0 80 255 96 0 0 0 0 0 0 255 176 0 0 0 0 0 32 255 240 0 0 0 0 0 0 224 255 32 0 0 0 0 0 16 255 144 0 0 0 0 80 240 255 240 192 128 0 0 64 240 255 208 192 192
1 0 0 0 16 240 144 16 0 0 0 0 80 255 255 0 0 0 0 0 208 255 176 0 0 0 32 128 255 255 176 0 0 0 80 192 208 255 128 0 0 0 0 0 80 255 112 0 0 0 0 0 112 255 64 0 0 0 0 0 48 255 240 16 0
1 0 0 0 0 208 80 0 0 0 0 0 48 255 208 0 0 0 0 0 160 255 192 0 0 0 96 255 255 255 128 0 0 0 64 128 96 255 80 0 0 0 0 0 64 255 64 0 0 0 0 0 64 255 128 0 0 0 0 0 0 192 208 80 0
1 0 0 0 96 224 176 16 0 0 0 32 224 255 255 32 0 0 0 176 255 255 255 0 0 0 80 240 255 255 255 64 0 0 16 80 112 255 255 32 0 0 0 0 48 255 255 48 0 0 0 0 64 255 255 64 0 0 0 0 64 240 240 64 0
1 0 0 0 64 208 192 32 0 0 0 16 240 255 255 48 0 0 0 112 255 255 255 32 0 0 16 224 255 255 255 48 0 0 112 255 255 255 255 0 0 0 0 0 176 255 208 0 0 0 0 0 128 255 240 48 0 0 0 0 96 255 192 32 0
1 0 0 32 160 192 64 0 0 0 0 160 255 255 255 0 0 0 0 208 255 255 192 0 0 0 0 192 255 255 192 0 0 0 0 192 255 255 192 0 0 0 0 192 255 255 208 0 0 0 0 128 255 255 240 0 0 0 0 64 160 128 48 0 0
1 0 0 0 48 240 176 64 0 0 0 0 208 255 240 0 0 0 0 112 255 255 192 0 0 0 96 255 255 255 192 0 0 0 80 160 80 255 208 0 0 0 0 0 64 255 255 32 0 0 0 0 96 255 255 32 0 0 0 0 48 208 192 16 0
1 0 0 0 144 240 160 16 0 0 0 64 240 255 255 64 0 0 64 240 255 255 255 64 0 0 128 240 160 255 255 128 0 0 0 0 0 255 255 112 0 0 0 0 16 255 255 96 0 0 0 0 112 255 255 64 0 0 0 0 96 192 192 16 0
1 0 0 0 0 176 240 32 0 0 0 0 112 255 255 112 0 0 0 48 240 255 255 64 0 0 96 255 255 255 255 48 0 0 48 128 96 255 255 0 0 0 0 0 64 255 255 0 0 0 0 0 64 255 255 64 0 0 0 0 16 208 255 48 0
1 0 0 0 0 208 192 16 0 0 0 0 80 255 255 16 0 0 0 0 224 255 224 0 0 0 0 112 255 255 160 0 0 0 80 255 255 255 224 0 0 0 32 96 144 255 255 16 0 0 0 0 32 255 255 112 0 0 0 0 0 128 192 96 0
1 0 0 80 176 128 64 0 0 0 0 240 255 255 240 16 0 0 0 192 255 255 240 32 0 0 48 255 255 255 176 0 0 0 64 255 255 255 64 0 0 0 48 255 255 255 128 0 0 0 0 192 255 255 144 0 0 0 0 48 128 192 128 0 0
1 0 0 48 255 176 16 0 0 0 0 192 255 255 32 0 0 0 48 255 255 176 0 0 0 0 80 255 255 112 0 0 0 0 96 255 255 80 0 0 0 0 16 255 255 48 0 0 0 0 0 176 255 144 0 0 0 0 0 64 192 224 192 80 0
1 0 0 80 176 192 80 0 0 0 0 144 255 255 176 0 0 0 0 176 255 255 64 0 0 0 16 255 255 240 32 0 0 0 0 224 255 176 0 0 0 0 32 255 255 128 0 0 0 0 0 224 255 128 0 0 0 0 0 128 255 208 16 0 0
1 0 0 32 208 160 64 0 0 0 0 0 255 255 176 0 0 0 0 0 208 255 240 0 0 0 0 16 224 255 176 0 0 0 0 64 255 255 96 0 0 0 0 48 255 224 32 0 0 0 0 112 255 255 48 0 0 0 0 64 208 255 64 0 0
1 0 0 112 255 192 80 0 0 0 0 112 255 255 112 0 0 0 0 48 255 255 128 0 0 0 0 80 255 255 112 0 0 0 0 176 255 240 32 0 0 0 0 224 255 224 0 0 0 0 0 224 255 255 48 0 0 0 0 96 208 224 80 0 0
1 0 0 64 160 255 224 64 0 0 0 160 255 255 255 64 0 0 0 255 255 255 128 0 0 0 0 255 255 255 0 0 0 0 0 255 255 255 0 0 0 0 64 255 255 255 0 0 0 0 0 255 255 255 0 0 0 0 0 96 224 224 0 0 0
1 0 0 0 128 224 160 0 0 0 0 32 224 255 224 0 0 0 0 192 255 255 224 32 0 0 80 255 255 255 192 16 0 0 16 64 160 255 224 0 0 0 0 0 144 255 192 0 0 0 0 0 144 255 192 0 0 0 0 0 128 240 192 0 0
1 0 0 0 16 208 128 0 0 0 0 0 144 255 240 0 0 0 0 80 255 255 192 0 0 0 32 240 255 255 160 0 0 0 128 224 48 255 160 0 0 0 0 0 64 255 128 0 0 0 0 0 64 255 176 0 0 0 0 0 0 240 192 0 0
1 0 0 0 0 80 240 16 0 0 0 0 0 224 255 32 0 0 0 16 192 255 255 32 0 0 16 208 255 192 255 0 0 0 64 208 32 128 208 0 0 0 0 0 0 144 208 0 0 0 0 0 0 176 255 0 0 0 0 0 0 64 255 64 0
1 0 0 0 0 160 192 0 0 0 0 0 0 240 192 0 0 0 0 0 112 255 192 0 0 0 0 144 255 255 176 0 0 0 128 255 176 255 192 0 0 0 48 64 48 255 144 0 0 0 0 0 0 240 160 0 0 0 0 0 0 144 208 0 0
1 0 0 0 0 144 208 0 0 0 0 0 48 240 192 0 0 0 0 32 208 255 224 0 0 0 64 224 224 224 224 0 0 0 80 176 16 144 208 0 0 0 0 0 0 176 176 0 0 0 0 0 0 160 160 0 0 0 0 0 0 144 144 0 0
1 0 0 0 64 208 96 0 0 0 0 0 176 255 192 0 0 0 0 128 255 255 160 0 0 0 96 255 255 255 96 0 0 0 80 192 192 255 48 0 0 0 0 0 160 240 0 0 0 0 0 0 160 224 0 0 0 0 0 0 80 255 32 0 0
1 0 0 0 0 48 208 64 0 0 0 0 0 176 255 128 0 0 0 0 128 255 255 96 0 0 16 144 255 144 255 32 0 0 112 255 80 80 255 0 0 0 0 32 0 128 208 0 0 0 0 0 0 144 192 0 0 0 0 0 0 80 240 48 0
1 0 0 0 0 192 224 0 0 0 0 0 16 255 255 16 0 0 0 80 224 255 192 0 0 0 80 255 255 255 128 0 0 0 144 240 144 255 128 0 0 0 0 16 32 255 112 0 0 0 0 0 64 255 160 0 0 0 0 0 0 160 255 96 0
1 0 0 0 32 208 224 16 0 0 32 144 255 255 255 32 0 0 192 255 255 255 255 32 0 0 160 192 48 255 192 0 0 0 0 0 80 255 128 0 0 0 0 0 80 255 80 0 0 0 0 0 80 255 112 0 0 0 0 0 32 240 144 0 0
1 0 0 0 0 96 240 16 0 0 0 0 48 224 255 64 0 0 0 64 240 255 255 32 0 0 64 255 208 96 255 0 0 0 80 112 0 112 255 0 0 0 0 0 0 128 255 0 0 0 0 0 0 160 255 0 0 0 0 0 0 64 192 0 0
1 0 0 64 176 112 16 0 0 0 0 144 255 255 192 0 0 0 0 160 255 255 128 0 0 0 0 160 255 255 160 0 0 0 32 240 255 255 128 0 0 0 0 255 255 255 64 0 0 0 0 80 255 255 208 32 0 0 0 80 160 176 128 48 0
1 0 0 0 0 208 208 0 0 0 0 32 192 255 255 0 0 0 48 240 255 255 208 0 0 0 176 240 64 224 192 0 0 0 32 32 0 255 176 0 0 0 0 0 0 240 176 0 0 0 0 0 48 255 160 0 0 0 0 0 0 240 240 0 0
1 0 0 0 192 255 80 0 0 0 0 32 208 255 128 0 0 0 96 240 255 255 160 0 0 0 64 128 144 255 224 0 0 0 0 0 0 224 255 64 0 0 0 0 0 112 255 192 0 0 0 0 112 176 255 192 0 0 0 0 208 255 208 48 0
1 0 0 0 128 240 80 0 0 0 0 0 240 255 176 0 0 0 0 128 255 255 208 0 0 0 112 255 255 255 255 64 0 0 32 64 0 160 255 160 0 0 0 0 0 128 255 176 0 0 0 0 112 224 255 160 0 0 0 0 176 255 144 16 0
1 0 0 0 144 176 0 0 0 0 0 0 208 255 96 0 0 0 0 112 240 255 80 0 0 0 112 255 255 255 80 0 0 0 16 112 64 240 160 0 0 0 0 0 0 192 224 0 0 0 0 0 96 240 255 0 0 0 0 0 160 255 128 0 0
1 0 0 0 112 255 96 0 0 0 32 144 255 255 176 0 0 0 160 255 192 208 255 16 0 0 32 64 16 112 255 80 0 0 0 0 0 32 255 160 0 0 0 0 0 32 255 208 0 0 0 0 64 224 255 192 0 0 0 0 64 224 144 32 0
1 0 0 0 224 128 16 0 0 0 0 144 255 255 64 0 0 0 176 255 255 224 0 0 0 0 80 128 224 255 32 0 0 0 0 0 112 255 96 0 0 0 0 0 64 255 192 0 0 0 0 16 96 255 224 0 0 0 0 32 224 255 144 0 0
1 0 0 16 224 240 48 0 0 0 0 144 255 255 128 0 0 0 144 255 255 224 160 0 0 0 0 48 128 255 224 0 0 0 0 0 32 255 255 32 0 0 0 0 0 208 255 144 0 0 0 16 160 255 255 144 0 0 0 32 160 240 160 0 0
1 0 0 0 192 144 0 0 0 0 0 64 255 255 32 0 0 0 80 240 255 255 48 0 0 0 96 224 208 240 192 0 0 0 0 0 0 128 255 32 0 0 0 0 0 0 255 160 0 0 0 0 112 144 240 240 0 0 0 0 160 255 224 80 0
1 0 0 16 240 144 0 0 0 0 0 64 255 255 32 0 0 0 80 240 255 255 80 0 0 0 32 128 176 255 192 0 0 0 0 0 32 255 255 32 0 0 0 0 0 208 255 128 0 0 0 32 128 208 255 128 0 0 0 16 176 224 192 32 0
1 0 0 96 224 160 0 0 0 0 0 128 255 255 0 0 0 0 0 128 255 255 16 0 0 0 16 208 255 224 0 0 0 0 48 208 255 208 0 0 0 0 0 112 255 255 0 0 0 0 0 96 255 255 144 0 0 0 0 80 224 255 208 64 0
1 0 0 0 176 255 160 0 0 0 0 0 240 255 128 0 0 0 0 112 255 255 96 0 0 0 64 255 255 255 64 0 0 0 16 64 192 255 64 0 0 0 0 0 144 255 112 0 0 0 0 0 176 255 240 0 0 0 0 0 128 224 176 32 0
1 0 0 0 160 208 48 0 0 0 0 0 208 255 112 0 0 0 0 64 255 255 80 0 0 0 32 255 255 255 96 0 0 0 112 255 255 255 176 0 0 0 0 0 128 255 192 0 0 0 0 0 240 255 224 0 0 0 0 0 128 208 144 0 0
1 0 0 0 96 240 160 16 0 0 0 16 176 255 255 80 0 0 0 128 255 255 255 96 0 0 128 255 255 255 255 96 0 0 0 48 112 255 255 64 0 0 0 0 64 255 255 64 0 0 0 0 96 255 255 112 0 0 0 0 64 224 224 96 0
1 0 0 160 192 192 80 0 0 0 0 128 255 255 224 0 0 0 0 128 255 255 176 0 0 0 0 208 255 255 112 0 0 0 0 144 255 255 16 0 0 0 0 144 255 255 112 0 0 0 16 240 255 255 112 0 0 0 0 112 192 192 144 0 0
1 0 0 0 144 255 144 0 0 0 0 0 224 255 176 0 0 0 0 80 255 255 128 0 0 0 48 240 255 255 96 0 0 0 80 240 255 255 112 0 0 0 0 64 255 255 80 0 0 0 0 16 255 255 192 0 0 0 0 16 192 208 192 0 0
1 0 0 64 224 240 144 16 0 0 0 0 224 255 255 64 0 0 0 0 240 255 255 0 0 0 0 112 255 255 208 0 0 0 32 255 255 255 192 0 0 0 0 64 240 255 128 0 0 0 0 80 255 255 192 0 0 0 0 64 224 240 80 0 0
1 0 0 16 192 255 32 0 0 0 0 80 255 240 0 0 0 0 0 208 255 176 0 0 0 0 128 255 255 192 0 0 0 0 112 160 255 240 0 0 0 0 0 0 224 255 32 0 0 0 0 0 208 255 112 0 0 0 0 0 192 255 144 0 0
1 0 0 0 128 240 16 0 0 0 0 0 128 255 80 0 0 0 0 0 224 255 64 0 0 0 0 128 255 255 64 0 0 0 32 240 192 255 96 0 0 0 48 128 16 255 160 0 0 0 0 0 80 240 255 16 0 0 0 0 144 255 255 176 0
1 0 0 16 255 208 0 0 0 0 0 48 255 240 0 0 0 0 0 192 255 255 0 0 0 0 48 255 255 255 0 0 0 0 112 112 192 255 0 0 0 0 0 0 112 255 48 0 0 0 0 0 160 255 224 16 0 0 0 32 208 255 255 192 0
